READ SERR 1 2
!
1.94749999 0.472500026 5.05797689E-5 2.92022414E-5 3.62058709E-5
2.52250004 0.102499962 4.03335405E-4 2.32865801E-4 2.30146077E-4
2.73000002 0.105000019 3.98366654E-4 2.29997095E-4 4.01554396E-4
2.92250013 8.74999762E-2 4.66932048E-4 2.69583339E-4 5.9927674E-4
3.05749989 4.75000143E-2 8.49089585E-4 4.90222068E-4 7.42751057E-4
3.13499999 2.99999714E-2 1.36069802E-3 7.85599404E-4 8.22395843E-4
3.29250002 0.127500057 3.21175467E-4 1.85430734E-4 9.38113371E-4
3.46000004 3.99999619E-2 2.05820333E-3 8.40258028E-4 1.07030687E-3
3.5875001 8.74999762E-2 4.69096674E-4 2.70833087E-4 1.15558354E-3
3.72749996 5.25000095E-2 7.79950875E-4 4.50304855E-4 1.23291602E-3
3.80499983 2.49999762E-2 1.64390157E-3 9.49106994E-4 1.26775214E-3
3.88000011 5.00000715E-2 1.65707967E-3 6.76499971E-4 1.29560486E-3
3.98750019 5.75000048E-2 5.56846266E-4 4.55822097E-4 1.32673245E-3
4.08249998 3.74999046E-2 2.71045137E-3 1.08477054E-3 1.31909247E-3
4.18249989 6.25E-2 1.36644079E-3 5.57847088E-4 1.33361842E-3
4.30999994 6.50000572E-2 1.41174276E-3 6.15169934E-4 1.34428951E-3
4.4000001 2.50000954E-2 3.57893831E-3 1.46109541E-3 1.34652399E-3
4.48250008 5.74998856E-2 7.95994711E-4 4.5956776E-4 1.3444497E-3
4.57250023 3.25000286E-2 1.92735821E-3 9.63679107E-4 1.33904885E-3
4.64499998 3.99999619E-2 3.59911565E-3 1.19970518E-3 1.33219408E-3
4.75 6.50000572E-2 5.81888482E-4 4.76321089E-4 1.31890422E-3
4.86499977 4.99999523E-2 1.03090482E-3 5.95193182E-4 1.30080548E-3
4.95499992 3.99999619E-2 1.33211643E-3 7.69097765E-4 1.28430373E-3
5.03250027 3.75001431E-2 1.46806648E-3 8.47588584E-4 1.26874936E-3
5.13000011 5.99999428E-2 1.91899249E-3 7.83425407E-4 1.24755444E-3
5.26500034 7.50000477E-2 8.19303095E-4 4.73024847E-4 1.2161287E-3
5.39499998 5.49998283E-2 1.18720974E-3 6.85435894E-4 1.18417048E-3
5.48000002 3.00002098E-2 2.27093813E-3 1.31112675E-3 1.16259931E-3
5.55500031 4.49998379E-2 1.57712493E-3 9.10553499E-4 1.14323071E-3
5.64999962 4.99999523E-2 3.00187455E-3 1.22551015E-3 1.11842598E-3
5.86749983 0.167500019 5.11061226E-4 2.95061327E-4 1.06081844E-3
6.125 9.00001526E-2 1.11296063E-3 6.42568106E-4 9.9108112E-4
6.44250011 0.227499962 3.89422086E-4 3.18772334E-4 9.12089017E-4
6.72749996 5.74998856E-2 2.35073781E-3 1.35719916E-3 8.44393915E-4
7.28999996 0.505000114 3.56550736E-4 2.05854667E-4 6.30184368E-4
8.89249992 1.09749985 4.38620656E-4 2.53237755E-4 4.10065841E-4
NO NO NO NO NO
1.94749999 0.472500026 0.58177799 1 NO
2.52250004 0.102499962 0.984570444 1 NO
2.73000002 0.105000019 -1.38047244E-2 1 NO
2.92250013 8.74999762E-2 -0.433337837 1 NO
3.05749989 4.75000143E-2 0.231927857 1 NO
3.13499999 2.99999714E-2 0.881384552 1 NO
3.29250002 0.127500057 -1.94671893 1 NO
3.46000004 3.99999619E-2 1.6303798 1 NO
3.5875001 8.74999762E-2 -1.61495709 1 NO
3.72749996 5.25000095E-2 -0.800064623 1 NO
3.80499983 2.49999762E-2 0.451300651 1 NO
3.88000011 5.00000715E-2 0.604290307 1 NO
3.98750019 5.75000048E-2 -1.35480738 1 NO
4.08249998 3.74999046E-2 1.98645818 1 NO
4.18249989 6.25E-2 5.95572703E-2 1 NO
4.30999994 6.50000572E-2 0.122780181 1 NO
4.4000001 2.50000954E-2 2.49095726 1 NO
4.48250008 5.74998856E-2 -0.918278217 1 NO
4.57250023 3.25000286E-2 0.732413471 1 NO
4.64499998 3.99999619E-2 3.10581851 1 NO
4.75 6.50000572E-2 -1.27250838 1 NO
4.86499977 4.99999523E-2 -0.403691083 1 NO
4.95499992 3.99999619E-2 6.33138791E-2 1 NO
5.03250027 3.75001431E-2 0.252955675 1 NO
5.13000011 5.99999428E-2 1.06295574 1 NO
5.26500034 7.50000477E-2 -0.688570201 1 NO
5.39499998 5.49998283E-2 4.43979166E-3 1 NO
5.48000002 3.00002098E-2 1.18145037 1 NO
5.55500031 4.49998379E-2 0.559686184 1 NO
5.64999962 4.99999523E-2 2.51784801 1 NO
5.86749983 0.167500019 -1.29322648 1 NO
6.125 9.00001526E-2 0.201000288 1 NO
6.44250011 0.227499962 -1.32649767 1 NO
6.72749996 5.74998856E-2 1.85186839 1 NO
7.28999996 0.505000114 -0.999851763 1 NO
8.89249992 1.09749985 0.116618849 1 NO

