CCDM2 BAND M2_RAWX M2_RAWY1 M2_RAWY2    REV1    REV2
    1    8     580        9       11       0   10000
    1    8     581        9       11       0   10000
    1    8     582        9       11       0   10000
    1    8     581       21       24       0   10000
    1    8     582       21       24       0   10000
    1    8     583       21       24       0   10000
    1    8     579       28       31       0   10000
    1    8     580       28       31       0   10000
    1    8     581       28       31       0   10000
    1    8     578      405      599    1130    4110
    1    8     579      405      599    1130    4110
    1    8     580      405      599    1130    4110
    1    8     581      405      599    1130    4110
    1    8     582      405      599    1130    4110
    1    8     583      405      599    1130    4110
    1    8     584      405      599    1130    4110
    4    8       1      320      322       0   10000
    4    8       2      320      322       0   10000
    4    8       3      320      322       0   10000
    4    8     392      471      473       0   10000
    4    8     393      470      473       0   10000
    4    8     394      470      473       0   10000
    4    8     395      470      473       0   10000
    4    8     396      470      473       0   10000
    4    8     397      470      473       0   10000
    4    8       1      569      572       0   10000
    4    8       2      569      572       0   10000
    4    8       3      569      572       0   10000
    5    8     206      586      591       0   10000
    5    8     207      586      591       0   10000
    5    8     208      586      591       0   10000
    5    8     209      586      591       0   10000
    5    8     210      586      591       0   10000
    5    8     211      586      591       0   10000
    5    8     212      587      590       0   10000
    6    8     411      586      589       0   10000
    6    8     412      585      591       0   10000
    6    8     413      585      591       0   10000
    6    8     414      585      591       0   10000
    6    8     415      585      591       0   10000
    6    8     416      586      591       0   10000
    6    8     417      587      591       0   10000
    6    8      81      596      600       0   10000
    6    8      82      596      600       0   10000
    6    8      83      596      600       0   10000
    6    8      84      596      600       0   10000
    6    8      85      597      600       0   10000
    7    8     276      173      175       0   10000
    7    8     277      173      175       0   10000
    7    8     278      173      175       0   10000
    7    8     411      570      573    1084   10000
    7    8     411      577      582    1084   10000
    7    8     411      584      587    1084   10000
    7    8     411      590      599    1084   10000
    7    8     412      565      600    1084   10000
    7    8     413      565      600    1084   10000
    7    8     414      563      600    1084   10000
    7    8     415      563      600    1084   10000
    7    8     416      563      600    1084   10000
    7    8     417      589      594    1084   10000
    7    8     417      597      600    1084   10000
