0810243701
0810243801
0810243901
0810244001
0810401401
0810812001
0810831401
0810842301
0810842401
0810842501
0810842601
0810851001
0810851201
0810872101
0810872201
0810881401
0810881501
0810890701
0810891801
0811013001
0811025401
0811025501
0811025601
0811025701
0811025801
0830790601
0830800801
0840140201
0840140301
0840140401
0840140601
0840140901
0840141001
0840310401
0843230301
0843230401
0843550401
0843550501
0843550601
0860640201
0860640301
0862770901
0862771101
0862860301
0862860401
0863590601
0863592701
0864190201
0864210201
0870860101
0870860201
0870860301
0870860401
0870860501
0872610101
0872610201
0872610301
0872610401
0872610501
0872610601
0880000701
0880000801
0880000901
0880001001
0880001201
0880001301
0880030801
0880031401
0880031501
0880280101
0880280201
0880280301
0880280501
0880280601
0880280701
0880580301
0880582201
0880620201
0880620301
0880860201
0880900101
0881050101
0881071101
0881071201
0881071301
0881071401
0881071801
0881072801
0881190101
0881190301
0881630601
0881650201
0881680701
0881681301
0881760101
0881770201
0881840101
0881900301
0881900801
0881901001
0881901201
0881990201
0881990701
0881990901
0882050301
0882050401
0882130301
0882130401
0882184001
0882320101
0882320201
0882470101
0882480301
0882480701
0882480801
0882560101
0882590901
0882591001
0882591201
0882591401
0882591501
0882591601
0882640301
0882640401
0882640601
0882640701
0882650101
0882650201
0882650301
0882650401
0882650501
0882690101
0882720101
0882720401
0882740301
0882840201
0883040201
0883090201
0883090701
0883210701
0883410201
0883460101
0883500301
0883550101
0883550201
0883550301
0883630101
0883630201
0883750401
0883770101
0883770201
0883770501
0883770601
0883770701
0883770801
0883800301
0883800501
0883860201
0883960101
0883960201
0883960401
0884000101
0884070201
0884120101
0884120201
0884120301
0884180301
0884180401
0884210101
0884470201
0884620101
0884620201
0884630101
0884630201
0884700801
0884700901
0884740201
0884890101
0884960101
0884960201
0884960301
0884960401
0884960501
0884960601
0884960701
0884961801
0884962101
0884962301
0884962401
0884962501
0884962601
0884962701
0884962801
0884962901
0884990101
0884991101
0884992401
0884992901
0884993801
0885110101
0885210101
0885260101
0885260201
0886070301
0886070401
0886070501
0886070601
0886070701
0886070801
0886070901
0886071001
0886071101
0886071201
0886071301
0886071401
0886071501
0886071801
0886080101
0886080201
0886080301
0886080401
0886080501
0886080601
0886080701
0886080801
0886080901
0886081101
0886081201
0886081301
0886081401
0886081501
0886081601
0886090201
0886090301
0886090401
0886090501
0886090601
0886090701
0886090801
0886090901
0886091001
0886091101
0886091201
0886091501
0886100101
0886100301
0886100401
0886100501
0886100601
0886100701
0886100801
0886100901
0886101001
0886101201
0886110101
0886110301
0886110401
0886110501
0886110601
0886111401
0886121101
0886121301
0886121401
0886200701
0886201301
0886210201
0886210301
0886210801
0886211201
0886211301
0886220301
0886221301
0890400101
0890400201
0890400301
0890400401
0890400501
0890400601
0890410101
0890410201
0890430101
0890440201
0890600101
0890620101
0890620201
0890630101
0890640201
0890670101
0890690101
0890690201
0890690301
0890690401
0890700101
0890700201
0890700301
0890710101
0890800101
0890810101
0890810301
0890810401
0891020201
0891020301
0891030101
0891030201
0891050101
0891060101
0891060401
0891200101
0891400101
0891400201
0891600101
0891600201
0892000101
0892000201
0892000401
0892000601
0892000701
0892010101
0892200101
0892200701
0892400101
0892400201
0892420301
0892420401
0892420501
0893200101
0893200501
0894200101
0900021201
0900021501
0900170101
0900170801
0900230301
0900230501
0900230601
0900230701
0900270101
0900270201
0900510101
0900510201
0900510301
0900510701
0900510801
0900510901
0900511101
0900511201
0900520101
0900570201
0900570301
0900700101
0900700201
0900770101
0900770201
0900770301
0900860401
0900860601
0900940101
0901010101
0901200101
0901260401
0901260701
0901261101
0901540101
0901540201
0901580101
0901580201
0901620101
0901620201
0901630101
0901630301
0901630701
0901830301
0901830501
0901830601
0901830701
0901870201
0901871201
0901910101
0901910301
0902070101
0902090101
0902110401
0902110501
0902110801
0902111001
0902111101
0902111201
0902111301
0902111501
0902111701
0902111801
0902120101
0902200301
0902334101
0902340101
0902370101
0902370201
0902500101
0902560101
0902560701
0902590201
0902590301
0902590401
0902590501
0902630101
0902630201
0902630301
0902630601
0902750301
0902750401
0902750501
0902750601
0902750701
0902750801
0902760101
0902760201
0902760301
0902760401
0902760501
0902760701
0902760801
0902760901
0902761401
0902761501
0902860601
0903000301
0903040101
0903040301
0903040401
0903040501
0903040601
0903041001
0903041301
0903041801
0903130101
0903130201
0903180101
0903180201
0903180401
0903231601
0903310101
0903310201
0903310301
0903310401
0903310501
0903370201
0903370301
0903370401
0903370501
0903370601
0903370701
0903370801
0903370901
0903510101
0903510201
0903540101
0903540201
0903540301
0903540401
0903710201
0903710301
0903840101
0903840201
0903890901
0903891701
0903892301
0903892401
0903892701
0903892801
0903893001
0903893601
0903990901
0903991001
0903991801
0903992501
0903992601
0904240101
0904350201
0904350401
0904350501
0904410401
0904410501
0904410601
0904410701
0904410801
0904410901
0904471101
0904471801
0904530101
0904610101
0904610201
0904610901
0904640201
0904640301
0904640401
0904640501
0904700101
0904700201
0904700401
0904700501
0904700601
0904700701
0904700801
0904701001
0904701201
0904701301
0904701401
0904710201
0904710301
0904710401
0904710501
0904710601
0904710801
0904710901
0904711001
0904711101
0904711301
0904711401
0904720101
0904720201
0904720501
0904720601
0904721101
0904730101
0904730201
0904730301
0904730401
0904730501
0904731001
0910190101
0910190701
0910190801
0910190901
0910191001
0910191101
0910191201
0910191301
0910191401
0910390101
0910790101
0910790701
0910790801
0910990101
0911590101
0911790301
0911791701
0912190101
0912190401
0912190501
0912190601
0912190701
0912191001
0912191301
0912390101
0912390201
0912390301
0912400101
0912430101
0912430201
0912430301
0912430401
0912590201
0912590301
0913070401
0913070501
0913080101
0913080201
0913080301
0913100101
0913100201
0913190101
0913200201
0913200301
0913990101
0913990201
0913990301
0913990401
0913990501
0913990601
0913990701
0913990801
0913990901
0913991001
0913991101
0913991201
0913991301
0913991401
0913991501
0913991601
0913991701
0913991801
0913991901
0913992001
0913992101
0913992201
0914190701
0914191101
0914191301
0914192401
0914192501
0914590201
0914590501
0914590801
0914591001
0914591101
0914790101
0914790201
0914790301
0914790401
0914790501
0914790601
0914790701
0914790801
0914790901
0914791001
0914791101
0914791201
0914791301
0914791401
0914791501
0914791601
0914791701
0914791801
0914791901
0914792001
0914792101
0914792201
0914792301
0914792401
0914792501
0914792601
0914792701
0914792801
0914792901
0915390201
0915390301
0915390401
0915390501
0915390601
0915390701
0915390801
0915390901
0915391001
0915391101
0915391201
0915391301
0915391401
0915391501
0915391601
0915391701
0915391801
0915392001
0915590101
0915590131
0915590132
0915590133
0915590134
0915590135
0915590136
0915590137
0915590138
0915590139
0915590140
0915590141
0915590142
0915590143
0915591501
0915591531
0915591532
0915591533
0915591534
0915591535
0916790101
0916790201
0916790301
0916790401
0916790501
0916790601
0916790701
0916790801
0916790901
0916791001
0916791101
0916791201
0916791301
0916791401
0916791501
0916791701
0916791801
0916800101
0916800201
0916800301
0916800401
0916800501
0916800601
0916800701
0916800801
0916800901
0916801001
0916801101
0916801201
0916801301
0916801401
0916801501
0916810101
0916810201
0916810301
0916810401
0916810501
0916810601
0916810701
0916810801
0916810901
0916811001
0916811201
0916811401
0916811501
0916811701
0916811801
0916811901
0930590101
0930590201
0930590301
0930590401
0930590501
0930590601
0930590701
0930590801
0930590901
0930591001
0931790101
0931790201
0931790301
0932190101
0932190201
0932190301
0932190401
0932190501
0932190601
0932190701
0932190801
0932190901
0932191001
0932191101
0932191201
0932200101
0932200201
0932200301
0932200401
0932200501
0932200601
0932200701
0932200801
0932200901
0932201001
0932391001
