0722430101
0112231801
0109130501
0302310701
0302111601
0747420145
0823432701
0654800101
0864840301
0801680401
0700381501
0803990401
0724210201
0880280401
0862470501
0671930101
0656200101
0804250301
0650382601
0880550301
0880550401
0871191401
0722430101
0891803001
0891803001
0891800501
0884850201
0871591301
0891803001
0765080801
0872390901
0001730201
0002970201
0021750201
0085680601
0101440401
0109070401
0109270101
0111290401
0112570101
0112570701
0116700301
0149780101
0153950401
0153951201
0161960201
0165560101
0201900201
0202670701
0203560201
0300240501
0300930301
0304080501
0304080601
0305570101
0305920201
0306870101
0411980401
0502020101
0510010701
0604740101
0606420101
0650560201
0655020101
0655650201
0670170501
0674210201
0675010401
0724840101
0724840301
0727960401
0728190101
0728560201
0728560301
0740640101
0743630201
0743630301
0743650701
0743700201
0744412201
0760380201
0761120901
0761690301
0761720101
0761920501
0762250301
0762800901
0763700301
0764060101
0764191201
0764191301
0764191601
0764420101
0765041301
0765080801
0770380401
0781350101
0781590401
0781890401
0784050101
0785101401
0792180301
0795660101
0800031001
0800050101
0800580101
0801780301
0801880201
0801880501
0802580401
0803500101
0803660101
0803990501
0810811801
0810831201
0820880501
0822040401
0823500301
0831590201
0831790701
0831800701
0840841201
0841481101
0844860401
0844860501
0851180401
0860302501
0860800401
0861910201
0862470401
0863401101
0864051201
0864560101
0870800201
0872390101
0872390901
0881840501
0882060601
0882110401
0882110601
0883210401
0886080801
0886121001
0891800601
0911790401
0911790601
0911790901
0911791101
0911791401
0911791601
0911990101
0911990201
0914190201
0911990401
0165560101
