0914190201
0913190401
0911990701
0911990601
0911990301
0911791501
0911791301
0911791001
0911790701
0911790501
0910791001
0910390201
0903992401
0903180301
0903041701
0902630501
0902630401
0901540401
0901540301
0901010301
0900940201
0900511001
0893811401
0893811201
0893810801
0893400301
0893400101
0891804101
0891803901
0891803601
0891803001
0891802901
0891802001
0891801801
0891801201
0891801001
0891800901
0891800501
0891800201
0891200801
0891200701
0891070201
0891060601
0891060501
0891020501
0891020401
0890710201
0890700401
0890690901
0890690801
0890680201
0890440401
0890440301
0886081401
0886061601
0886061501
0886061401
0886021601
0886021401
0885240201
0885100201
0885090201
0884994001
0884993901
0884993701
0884993601
0884993501
0884993401
0884993301
0884993201
0884970401
0884962201
0884962001
0884860101
0884850301
0884850201
0884370201
0884191201
0884080201
0883960301
0883860301
0883800401
0883760201
0883630401
0883630301
0883620201
0883500101
0883410301
0883211201
0883211101
0883100201
0883090601
0883040301
0882950201
0882950101
0882810201
0882721001
0882720801
0882650601
0882591101
0882341101
0882341001
0882340901
0882130601
0882061701
0882061601
0882061501
0882061401
0882061301
0882031101
0881910401
0881910301
0881901301
0881561301
0881561201
0881561101
0881350201
0881190401
0881073501
0881073401
0880810601
0880810401
0880810301
0880760301
0880710601
0880710401
0880550401
0880550301
0880281301
0880281201
0880281101
0880281001
0880280901
0880031801
0880031701
0880031601
0880001101
0872990201
0872393401
0872393001
0872392701
0872392001
0872390201
0871592301
0871592201
0871591301
0871591101
0871191401
0871190901
0871190801
0871190601
0871190501
0871010201
0871010101
0870940501
0870930901
0870930801
0870930701
0870930601
0870920301
0870910201
0870900401
0870900301
0870880201
0870870901
0870870701
0870870601
0870820201
0870810201
0870790301
0870590101
0870190601
0870190501
0870190401
0870190301
0865600201
0865451001
0865450901
0865450701
0865440801
0865440701
0865440601
0865440501
0865440401
0865440101
0865380801
0865380601
0865380501
0865051301
0865051201
0865051101
0865051001
0865040901
0865040801
0865012801
0865012701
0865012601
0865012501
0865012401
0865012001
0865011901
0864960101
0864622401
0864622301
0864621401
0864560201
0864480401
0864430401
0864430301
0864330701
0864010201
0864010101
0863942201
0863880501
0863801001
0863800901
0863800801
0863650301
0863592901
0863592801
0863420401
0863230301
0863230201
0863230101
0863200201
0863160201
0862731501
0862731401
0862731301
0862731101
0862731001
0862730901
0862670401
0862471601
0862471501
0862471401
0862471301
0862410301
0862410101
0862400201
0862260501
0862260401
0862230201
0862220601
0862091501
0862091401
0862091301
0862091201
0862091101
0862091001
0862090901
0862090701
0862090601
0862090501
0862090401
0862090301
0862090201
0862090101
0861950601
0861950201
0861910501
0861910401
0861680501
0861680401
0861600201
0861470401
0861470201
0861080601
0861080501
0860640401
0860030601
0854590501
0854400101
0853981301
0853980801
0853980401
0853980301
0853600301
0853600201
0853381401
0853381301
0853220701
0853220601
0853220501
0853220401
0853220301
0853220201
0853180101
0853000401
0853000201
0852780601
0852590301
0852580201
0852180801
0851182201
0851182101
0851182001
0851181901
0851181701
0851181301
0851181101
0851181001
0851180301
0851180201
0851180101
0850380401
0850380301
0845280801
0845040701
0845000901
0844350301
0844350201
0844341501
0844260501
0844230301
0844230201
0844101101
0844100701
0844100101
0843840201
0843840101
0843151101
0843020901
0842811901
0842811401
0842810901
0842810501
0842592301
0842570401
0842362401
0841951901
0841930901
0841930601
0841930501
0841920301
0841890201
0841660601
0841482401
0841320401
0841181101
0841000101
0840911101
0840310301
0840310201
0840310101
0840221001
0840201601
0840201301
0840201201
0840200901
0840141101
0840140801
0840140701
0840140501
0840134101
0832000101
0831791701
0831791401
0831791201
0831790901
0831790101
0831410201
0831000301
0831000101
0830800701
0830800601
0830800501
0830800401
0830800301
0830800201
0830800101
0830790501
0830790401
0830790301
0830790201
0830790101
0830530401
0830530301
0830530201
0830530101
0830460301
0830390501
0830390301
0830390101
0830191901
0830190701
0830190401
0830190301
0830190201
0830190101
0827241301
0827221501
0827061701
0827061401
0827051701
0827051401
0827042001
0827041701
0827032001
0827031801
0827021701
0824320801
0824150701
0824150601
0824150501
0824150401
0824150301
0824150201
0823991001
0823990901
0823990801
0823990601
0823990501
0823990401
0823990301
0823990201
0823750401
0823750301
0823650501
0823594101
0823570201
0823432101
0823431501
0823431001
0823430501
0823030801
0822791001
0822790901
0822740601
0822740501
0822740401
0822740301
0822340101
0822040701
0821722401
0821560201
0821040601
0820912601
0820910401
0820881101
0820880601
0820880501
0820880401
0820880301
0820880201
0820770150
0820770101
0820230101
0811213401
0811212901
0811212801
0811025301
0811025201
0811025101
0811025001
0811024701
0811024601
0811024501
0811024401
0811024301
0811024201
0811024101
0811024001
0811023901
0811023801
0811023701
0811023601
0811023501
0811023401
0811023301
0811023201
0811023101
0811023001
0811022901
0811022801
0811022701
0811022601
0811022501
0811022401
0810891701
0810890601
0810890501
0810890301
0810890201
0810890101
0810871801
0810871601
0810871501
0810863701
0810863601
0810862501
0810861201
0810861101
0810842101
0810841801
0810831301
0810831101
0810830901
0810830701
0810822001
0810821701
0810401301
0810401201
0810401101
0810401001
0810400901
0810400801
0810400701
0810400601
0810243601
0810243501
0810243401
0810243301
0810243201
0810243101
0810243001
0810242901
0810242801
0810242701
0810242601
0810242501
0810242401
0810242301
0810242201
0810242101
0810242001
0810241901
0810241801
0805201301
0805200401
0805200301
0805200201
0804640801
0804640701
0804640601
0804640501
0804640201
0804590301
0804330201
0803760401
0803760301
0803620501
0803620401
0803620301
0803620201
0803080101
0802890101
0802820201
0802300201
0802080501
0801740601
0801740501
0801740401
0801682601
0801681101
0801681001
0801680901
0800760901
0800280101
0800230101
0795781101
0795781001
0795750101
0795712201
0795712101
0795712001
0795711901
0795711801
0795711701
0795650101
0795580501
0795580401
0795580301
0795580201
0795580101
0794580901
0794580801
0794580301
0794180201
0793980401
0793980301
0793980201
0793980101
0793182901
0792382901
0792382801
0791781201
0791781101
0791781001
0791780901
0791780801
0791780701
0791780501
0791780201
0790800101
0790780101
0790620101
0790181501
0790181401
0790180401
0785141001
0785140901
0785140801
0785140701
0785140601
0785140501
0785140401
0785140301
0785140201
0785140101
0785131401
0785131201
0785131101
0785131001
0785130901
0785130801
0785130701
0785130601
0785130501
0785130401
0785130301
0785130201
0785130101
0784820101
0784700301
0784700201
0784690401
0784570501
0784570401
0784570301
0784570201
0784303301
0784303201
0784303101
0783770701
0783770601
0783770501
0783770301
0783540401
0783540301
0783540201
0783380101
0783330301
0780510401
0780291101
0780291001
0780290901
0780290801
0780290701
0780290601
0780290501
0780290401
0780290301
0780290201
0780290101
0771180401
0771180301
0771180201
0771180101
0770782301
0770782001
0770581101
0770581001
0770580901
0770580701
0770580601
0770580301
0770580201
0764860101
0764700501
0764700401
0764700301
0764700201
0764700101
0764344301
0764180401
0764180301
0764180201
0764060301
0763940701
0763940501
0763470401
0763470301
0762210201
0761921301
0760646501
0760646401
0760646301
0760646201
0748591101
0748590101
0748391601
0748391301
0748391201
0748390701
0748390601
0748390501
0748390101
0747790801
0747790701
0747790601
0747590101
0747440101
0747430101
0747420101
0747410101
0747400101
0747390101
0747190801
0747190601
0747190301
0747190101
0745250701
0745250601
0745250501
0745250201
0745240201
0744840201
0744600101
0744361801
0744361701
0744361501
0744320201
0744250401
0744250301
0744210101
0744170201
0743960201
0743200101
0743060101
0742980101
0742930101
0742830101
0742610101
0742110101
0741800201
0741620201
0741620101
0741330101
0741032501
0740980201
0740920601
0740920501
0740920401
0740920301
0740920201
0740340501
0729560801
0729560401
0729560301
0729560201
0728200201
0727961501
0727961201
0727960901
0727771301
0727771101
0727771001
0727770501
0727770101
0727571801
0727571701
0727571601
0727571501
0727571401
0727571301
0727571201
0727571101
0727571001
0725310101
0725300160
0725300147
0725300145
0725300101
0725290158
0725290101
0724940101
0724791334
0724791301
0724790901
0724790301
0724770301
0724770101
0724700101
0724490201
0724401901
0724400501
0724080101
0723570201
0722550401
0722550301
0722190201
0722190101
0721130101
0720940101
0720880201
0720251901
0720030101
0701981501
0701981401
0701980701
0701581901
0701581801
0701581701
0701581601
0701581301
0701581201
0701581101
0701580101
0701381201
0701200201
0701200101
0701190101
0700381401
0700381301
0694930501
0694870201
0694860301
0694040201
0693490201
0693380401
0693020301
0691740201
0691271401
0679980801
0679980701
0679980601
0679980501
0679380301
0678381201
0678381101
0678381001
0678380901
0678380801
0678380701
0678380601
0678380501
0678380401
0678380301
0678380201
0678380101
0677981201
0677980201
0677980101
0677850901
0677850101
0677840101
0677830101
0677820101
0677810101
0677800101
0677770101
0677761101
0677760131
0677760101
0677750101
0677740101
0677730101
0677720101
0677710101
0677700101
0677690101
0677681201
0677680140
0677680139
0677680138
0677680137
0677680136
0677680101
0677670101
0677660201
0677650101
0677640101
0677631201
0677630101
0677620101
0677610101
0677600101
0677590138
0677590101
0677580101
0677182401
0675470201
0675130201
0675040101
0674810901
0674730201
0674580101
0674480401
0673930101
0673851001
0673550201
0673510901
0673510801
0673510701
0673510601
0673510501
0673002301
0673000101
0672401301
0672400101
0672160933
0672160901
0672160801
0671880101
0671740101
0671420601
0671420501
0671420401
0671420301
0671420201
0671180601
0671180501
0671180401
0671180301
0671180201
0670920501
0670920401
0670920301
0670673201
0670673101
0670673001
0670672901
0670671501
0670671301
0658802901
0658802801
0658802701
0658802601
0658802501
0658802401
0658802201
0658802101
0658802001
0658801901
0658801701
0658801601
0658801501
0658801401
0658801201
0658800801
0658800701
0658800601
0658800501
0658800301
0658400701
0656781101
0656781001
0656780901
0656780601
0656580701
0656580301
0656380701
0655670101
0655346801
0655343801
0655340101
0655330201
0655090401
0655020101
0654230401
0654130401
0653910601
0653910501
0653910401
0653910301
0653870701
0653530401
0653530301
0653110101
0652770101
0652730101
0651450101
0650382601
0650310101
0650300201
0611183401
0611183301
0611183201
0611183101
0611183001
0611182901
0611182801
0611182701
0611182601
0611182501
0611182401
0611182301
0611182201
0611182101
0611182001
0611181901
0611181801
0611181701
0611181601
0611181501
0611181401
0611181301
0611181201
0611181101
0611181001
0611180901
0611180801
0611180701
0611180601
0611180501
0611180401
0611180301
0611180201
0611180101
0610000901
0610000701
0610000401
0606371401
0606200101
0606070401
0606070301
0606070201
0606070101
